100037258
100039864
100043597
100043772
100072
100073351
100129
100182
100198
100201
100416706
100503572
100608
100647
100683
100710
100715
100952
101148
101214
101490
101497
101540
101544
101739
102122
102436
102545
102866
103135
103172
103425
103554
103573
103733
103737
103806
104027
104110
104215
104248
104394
104401
104444
104445
104457
104458
104570
104625
104662
104721
104831
105203
105239
105377
105440
105504
105638
105782
105787
105847
105853
105859
106021
106039
106073
106143
106205
106264
106298
106344
106581
106639
106759
107094
107182
107242
107305
107338
107358
107435
107449
107503
107513
107528
107568
107569
107587
107767
107771
107939
107975
108075
108098
108100
108101
108105
108121
108123
108153
108154
108155
108657
108664
108686
108899
109019
109054
109077
109108
109129
109161
109246
109263
109270
109284
109305
109332
109333
109346
109552
109624
109674
109754
109905
110052
110198
110651
110750
110751
110796
110809
110920
110962
11306
11350
11364
11433
11435
11449
11459
11464
114641
114713
11472
114774
11480
114886
114893
11490
11501
11502
11512
11534
11566
11595
11600
11605
11610
11669
116701
116847
116870
116891
11690
117146
117160
11745
11752
11757
117606
11767
11771
11777
11782
11783
11785
11798
11800
11816
11821
11837
11855
11886
11907
11932
11937
11951
11957
11964
11974
11975
11982
11991
12017
12033
12039
12041
12045
12051
12068
121021
12111
12144
12166
12168
12175
12193
12235
12258
12260
12262
12266
12273
12292
12293
12295
12297
12301
12316
12321
12330
12336
12339
12343
12364
12367
12370
12400
12417
12419
12421
12442
12445
12448
12450
12454
12462
12469
12488
12512
12514
12534
12540
12550
12555
12560
12572
12579
12606
12607
12608
12611
12616
12617
12626
12632
12648
12662
12675
12700
12703
12709
12721
12722
12725
12737
12747
12750
12751
12757
12759
12785
12798
12832
12834
12837
12842
12846
12848
12861
12908
12914
12915
12927
12928
12931
12978
12982
12988
13006
13018
13038
13039
13057
13078
13106
13121
13135
13138
13144
13204
13205
13211
13356
13382
13386
13400
13401
13427
13429
13434
13478
13481
13498
13512
13543
13544
13549
13555
13559
13589
13601
13610
13619
13626
13629
13650
13653
13663
13664
13665
13669
13682
13684
13685
13688
13690
13712
13717
13722
13800
13805
13844
13845
13854
13858
13874
13877
13885
13990
14012
14026
140482
140546
140559
14056
14063
140721
140740
14086
14104
14114
14123
14127
14149
14158
14163
14201
14211
14230
14231
14235
14248
14264
14265
14268
142682
14272
14276
14281
14313
14325
14359
14368
14381
14387
14390
14425
14430
14431
14451
14470
14479
14548
14560
14569
14571
14586
14590
14593
14600
14629
14633
14660
14672
14673
14677
14679
14683
14700
14705
14726
14731
14732
14739
14751
14755
14766
14775
14778
14790
14791
14797
14809
14815
14824
14827
14828
14852
14870
14884
14897
14911
14950
15117
15159
15161
15182
15201
15239
15248
15251
15258
15270
15278
15289
15364
15366
15368
15370
15381
15384
15387
15413
15452
15488
15499
15500
15505
15510
15519
15525
15526
15528
15529
15530
15531
15586
15587
15901
15903
15926
15932
15936
15951
15982
16007
16009
16164
16174
16188
16322
16331
16341
16371
16396
16403
16410
16412
16413
16430
16477
16480
16551
16563
16571
16573
16600
16646
16649
16653
16656
16658
16709
16774
16779
16784
16790
16792
16800
16825
16852
16885
16897
16949
16950
16952
16971
16973
16980
16988
16997
16998
17000
17025
170676
17069
17075
170759
170760
170791
17082
170823
170829
17089
170938
17112
171212
17122
17150
171543
17159
17160
17184
17188
17191
17192
17210
17237
17242
17246
17261
17289
17313
17318
17319
17344
17347
17381
17385
17387
17390
17420
17425
17427
17428
17448
17454
17523
17534
17748
17765
17775
17826
17846
17847
17855
17864
17872
17876
17885
17907
17927
17928
17931
17973
17975
17993
18000
18007
18027
18029
18045
18053
18054
18081
18111
18115
18128
18129
18131
18146
18162
18173
18194
18208
18212
18220
18223
18226
18263
18383
18393
18415
18451
18472
18475
18477
18481
18483
18518
18536
18537
18538
18542
18550
18555
18597
18604
18626
18636
18700
18701
18704
18706
18709
18710
18717
18763
18767
18783
18786
18788
18789
18797
18807
18810
18813
18817
18822
18854
18858
18933
18949
18971
18983
19015
19025
19039
19043
19046
19047
19052
19053
19058
19070
19079
19088
19091
19092
19106
19134
19139
19156
19166
19167
19170
19205
19211
19212
192173
192174
192187
192191
192216
192232
19225
19228
192287
19240
19241
19244
19245
19252
19261
192657
192662
192786
19280
19290
19291
19303
19324
19325
19326
19330
19354
19356
19357
19358
19367
19377
19386
19401
19645
19650
19663
19664
19697
19719
19730
19736
19820
19826
19877
19878
19893
19989
20020
20024
20091
20102
20167
20181
20204
20224
20239
20286
20306
20315
20317
20319
20345
20346
20348
20350
20375
20383
20399
20401
20409
20410
20422
20462
20469
20479
20481
20482
20496
20499
20502
20515
20539
20564
20585
20586
20587
20597
20602
20612
20613
20620
20639
20643
20657
20665
20667
20682
20706
20719
207212
207214
20724
20744
20750
20773
207740
20778
20787
207958
208043
20807
20810
208104
208111
208144
208177
208198
208213
20822
208228
20823
208266
208292
20842
20843
20850
20851
208606
208624
208647
20867
208691
20874
20877
208846
208968
20901
209039
209086
20916
20918
209225
209334
209683
20970
20973
209815
210297
210766
210973
210998
211347
211499
211660
212127
212139
212276
212281
212442
212531
212772
212880
213211
21333
213350
21343
213436
21345
21353
21371
213753
213827
21385
21387
21388
213895
21390
21399
213993
21402
21408
214137
21415
21423
214489
21454
214597
214763
215031
215351
215445
215449
215512
215707
216134
216151
216154
216157
216161
216169
216238
216274
216344
216345
216395
216549
216551
216558
216618
216725
216742
216850
216856
216869
216874
216963
216965
216971
216987
217039
217109
217125
217203
217216
217232
217265
217331
217335
217340
217431
217449
217463
21754
217558
217653
217664
217666
21767
21771
21780
217835
217866
217869
21789
217893
21803
21804
21812
218294
218397
21854
218543
21855
218629
218639
218693
21873
218756
218820
218850
21886
21887
218914
21898
219103
219134
219151
21917
21930
21937
21952
21961
21973
21974
21982
21985
22003
22019
22027
22032
22040
22042
22051
22083
22099
22123
22146
22151
22154
22160
22177
22186
22187
22193
22200
22209
22210
22215
22218
22222
22228
22234
22235
22241
22260
22284
22288
22319
22327
22334
22335
22340
22343
223455
223499
223527
223601
223642
223649
22365
223658
223666
22367
223693
223701
223723
223739
223774
22380
22381
223827
223828
22385
22390
22393
224024
22404
224088
224170
224171
224432
224585
224656
224727
224829
225027
225160
225182
225283
225348
225363
225872
22589
22596
225995
226016
226026
226090
22612
226154
226169
22631
22632
226414
22643
226442
226551
22658
226591
226747
226757
22682
22688
22694
22695
226982
22700
227059
22709
227102
227197
22720
227210
227292
227325
227580
22761
227613
22764
227648
227693
227699
227700
227720
227723
227800
227801
227867
22791
22793
228005
228061
228359
228368
228410
228421
228432
228491
228536
228545
228775
228836
228866
228875
228911
228961
229096
229317
229363
229615
229658
229663
229782
229841
229937
230075
230157
230249
230376
230484
230587
230598
230648
230676
230709
230737
230752
230761
230770
230793
230908
230917
230991
231327
231380
231440
231464
231507
231637
231861
231863
231868
232157
232227
232286
232314
232748
232798
232816
232879
232910
232976
233016
233033
233064
233065
233071
233168
233208
233210
233276
233315
233332
233571
233575
233651
233726
233781
233789
233802
233871
233875
233895
233904
233912
233913
233987
234344
234358
234362
234413
234463
234577
234664
234686
234699
234779
234839
234959
235028
235041
235044
235072
235293
235402
235431
235442
235461
235505
235559
235567
235623
235682
235907
236733
236900
237082
237107
237211
237336
237400
237411
237459
237500
237523
237542
237898
237911
23794
23806
23808
23837
23849
238692
23873
23874
23880
23885
23894
23908
239096
23917
23939
23948
23950
239559
23967
239706
23997
239985
240034
24004
240041
24015
24017
24018
240283
24030
24055
24057
240614
240641
24083
240832
24086
24100
24116
241296
24131
24132
241322
24135
241490
241556
241576
241639
242202
242291
242297
242521
242608
242687
242860
242939
243272
243328
243529
243912
244058
244059
244219
244373
244418
244548
244585
244631
244654
244672
245527
245537
245622
245631
245638
245666
245688
245857
245860
245944
246154
246198
246221
246728
252838
252870
252972
259300
26357
26363
26370
26388
26390
26395
26396
26405
26412
26417
26419
26427
26428
26430
26432
26440
26441
26442
26443
26456
26554
26556
26558
26561
26562
26564
26569
26572
26611
266690
26754
268291
268396
268445
268567
268721
268749
26885
268936
269003
269033
269037
269113
269152
26940
26941
26965
26968
269700
269800
269855
269881
26992
269999
270058
27015
270156
270163
270166
27060
27061
270627
270669
271457
271564
27214
27220
27226
272396
27354
27362
27377
27401
27403
27410
27418
27419
27426
27528
277010
277353
277360
277414
27784
27801
27973
27999
28010
28028
28036
28040
28064
28109
28146
28185
29808
29810
29813
29856
29877
30046
30795
30877
30930
30941
30960
319263
319352
319554
319583
319713
319748
319924
319974
320078
320183
320207
320213
320299
320351
320376
320508
320534
320678
320712
320727
320817
320940
320974
320982
321022
326618
326622
328108
328110
328365
328801
329015
329252
329506
329559
330050
330286
330695
330814
330914
330938
330959
331401
332397
333088
333654
338367
338467
353047
353170
353242
353502
360216
380629
380664
380773
380785
380969
381022
381045
381066
381067
381308
381510
381633
381668
381677
381695
381760
382030
382034
382056
382207
384783
387524
399101
399510
399566
407243
408068
433667
433771
433864
433904
434377
435965
494504
497652
50492
50497
50527
50721
50790
50797
50799
50817
50868
50875
50884
50911
50927
50933
50934
50935
50995
51789
51797
51798
51810
51812
51813
51869
52009
52014
52033
52123
52132
52202
52206
52323
52592
52615
52653
52665
52696
52705
52715
52830
52837
52857
52915
53311
53322
53323
53357
53375
53378
53379
53380
53382
53417
53418
53600
53607
53761
53860
53861
53869
53975
54004
54006
54123
54126
54138
54139
54151
54160
54161
54189
54196
54325
54342
54343
54353
54364
54375
54392
54397
54419
54445
544752
544971
546071
54608
54637
54683
55936
55946
55960
55979
55983
55989
56040
56050
56086
56150
56188
56190
56194
56195
56196
56207
56208
56212
56214
56220
56233
56258
56264
56274
56298
56306
56307
56324
56348
56354
56360
56371
56374
56381
56382
56392
56395
56399
56403
56406
56426
56431
56441
56442
56444
56445
56452
56468
56490
56491
56496
56524
56533
56550
56551
56632
56644
56693
56698
56700
56709
56724
56726
56741
56745
56844
56876
57257
57261
57265
57316
57423
57437
57438
57441
57750
57753
57775
57808
57815
58186
58188
58226
58234
58240
58800
58801
58804
58859
58875
58887
58998
59013
59021
59024
59027
59029
59031
59032
59035
59038
59040
59042
59046
59090
59093
59125
60321
60599
60611
606496
613262
621976
630579
63985
64075
64103
64138
64144
64655
64707
65098
65107
65112
65114
65254
65257
653016
65967
65969
65973
66043
66046
66049
66055
66066
66074
66090
66092
66105
66111
66118
66120
66121
66125
66139
66140
66141
66142
66143
66151
66163
66168
66171
66181
66184
66191
66205
66206
66226
66231
66234
66240
66244
66249
66254
66259
66270
66271
66290
66296
66313
66317
66336
66354
66359
66365
66368
66369
66377
66384
66395
66397
66403
66409
66413
66416
66427
66441
66442
66462
66468
66471
66482
66483
66491
66493
66495
66508
66511
66515
66536
66537
66541
66552
66580
66587
66589
66594
66602
66609
66624
66629
66646
66661
66671
66674
66676
66684
66713
66714
66724
66734
66736
66787
66799
66853
66861
66870
66877
66878
66882
66897
66902
66905
66917
66923
66949
66960
66972
66975
66977
66978
66979
66990
66997
66998
67003
67008
67011
67016
67020
67035
67037
67041
67043
67045
67048
67049
67050
67052
67059
67071
67073
67075
67088
67089
67105
67117
67120
67128
67144
67145
67148
67154
67157
67163
67168
67171
67177
67186
67204
67205
67210
67212
67220
67223
67225
67226
67229
67239
67245
67246
67249
67276
67285
67305
67306
67326
67332
67345
67383
67388
67399
67414
67416
67418
67420
67437
67453
67454
67456
67460
67465
67466
67467
67475
67490
67515
67526
67530
67533
67568
67581
67607
67636
67657
67675
67678
67684
67694
67705
67732
67738
67771
67775
67784
67785
67803
67812
67819
67830
67832
67834
67838
67843
67845
67857
67864
67872
67876
67877
67884
67890
67893
67894
67895
67897
67916
67920
67921
67923
67938
67941
67948
67949
67951
67952
67955
67958
67972
67973
67979
67988
68014
68018
68035
68036
68050
68066
68083
68087
68092
68099
68119
68128
68137
68145
68153
68170
68183
68184
68187
68240
68250
68251
68263
68267
68272
68277
68278
68294
68342
68379
68472
68477
68490
68493
68510
68514
68521
68537
68539
68549
68556
68564
68576
68598
68614
68644
68655
68659
68675
68682
68703
68705
68734
68735
68750
68760
68763
68794
68795
68796
68810
68816
68904
68916
68925
68926
68929
68942
68944
68953
68981
68992
68995
69008
69009
69017
69019
69028
69048
69053
69080
69082
69085
69089
69104
69116
69126
69150
69161
69178
69202
69227
69237
69253
69256
69270
69276
69456
69459
69482
69527
69551
69554
69568
69590
69601
69635
69639
69672
69675
69683
69692
69702
69719
69773
69792
69802
69823
69834
69917
69920
69930
69941
69956
69957
69981
70021
70028
70047
70099
70103
70120
70122
70160
70186
70209
70218
70223
70237
70238
70285
70294
70310
70349
70355
70380
70387
70396
70397
70408
70425
70427
70430
70432
70445
70454
70461
70472
70495
70533
70572
70625
70646
70661
70683
70701
70747
70790
70802
70804
70930
70998
71063
71093
71148
71177
71207
71240
71268
71371
71409
71436
71461
71472
71521
71675
71679
71684
71703
71710
71713
71722
71745
71750
71765
71772
71780
71801
71865
71885
71890
71929
71947
71971
71988
71999
72008
72018
72042
72043
72056
72065
72096
72098
72106
72117
72119
72128
72129
72145
72162
72183
72198
72201
72289
72323
72371
72392
72415
72416
72425
72479
72500
72508
72543
72567
72580
72584
72611
72612
72662
72667
72692
72709
72720
72722
72727
72736
72795
72825
72826
72938
72981
72993
73024
73078
73095
73124
73130
73137
73139
73182
73218
73242
73274
73288
73296
73467
73674
73681
73723
73729
73744
73834
73847
73884
73945
74006
74041
74097
74100
74117
74120
74126
74148
74150
74159
74178
74185
74194
74201
74206
74211
74238
74239
74241
74252
74256
74320
74343
74355
74360
74383
74386
74388
74467
74493
74504
74513
74522
74549
74600
74670
74718
74737
74762
74772
74775
74777
74838
74840
74868
74996
75210
75273
75296
75316
75320
75339
75410
75423
75553
75560
75577
75613
75616
75619
75623
75717
75736
75746
75751
75786
75826
75869
75956
75964
75965
76007
76025
76055
76123
76131
76293
76295
76299
76302
76308
76448
76454
76464
76479
76509
76510
76524
76539
76561
76582
76686
76687
76719
76740
76763
76784
76789
76857
76863
76892
76900
76936
76959
76969
77034
77048
77087
77116
77134
77219
77254
77264
77422
77446
77578
77626
77739
77781
77805
77862
77951
77980
77987
78070
78100
78248
78266
78339
78394
78455
78506
78558
78560
78581
78651
78653
78733
78829
78832
78889
78912
78928
79233
79264
80288
80289
80294
80385
80744
80795
80898
80904
80913
80987
81003
81840
81898
81904
81907
81909
83490
83493
83602
83669
83673
83675
83815
83946
83962
83965
84113
84585
93684
93687
93691
93739
93759
93760
93762
93790
93836
93960
94043
94061
94062
94067
94112
94178
94186
94187
94192
94213
94221
94230
94246
97112
97387
98170
98221
98267
98415
98417
98488
98733
98758
98932
98952
99138
99151
99167
99480
99526
99543
99712
99889
99899
